3060
922
3917
3070
3341
1493
3974
1104
3568
2189
2854
3531
3108
1862
786
3949
2863
3371
1736
3179
1183
3896
2657
2637
1825
1368
2950
2366
3910
2934
3472
2971
3857
3741
2393
3550
1587
2719
654
1155
1260
3508
1038
368
1723
1824
317
938
1547
2406
117
2730
2302
3126
1720
128
494
670
2846
757
3605
2318
80
3462
2412
2473
3364
3999
1192
371
1506
2452
3879
2544
2820
1954
720
3490
3244
2267
1896
3362
1350
550
2840
3070
1030
3335
92
3876
444
3697
2195
524
3511
607
2997
2876
958
541
3247
2464
2993
3478
1360
2165
1785
2080
1655
1029
699
3903
743
2049
454
3584
1471
1484
3271
1564
1361
3715
1613
3908
239
1125
867
3236
353
1825
3777
3600
641
3122
3430
2001
1639
1215
433
3295
2597
1132
3550
3340
3534
356
2924
1357
1841
2195
2921
3554
2262
887
3462
2501
2012
681
2089
2717
2858
1866
2669
3499
1340
2099
1500
2980
3667
1933
2627
2616
3417
2177
1956
2951
2534
1233
309
727
3780
3582
633
2043
821
447
544
3185
1128
2634
-1
1902
3986
852
571
3837
2545
3023
1337
1525
3042
3622
504
1658
3039
3033
3966
1991
1919
1199
2652
2646
980
2586
3279
3375
3408
78
271
2593
1206
2905
848
1544
110
1771
1381
3007
794
3070
532
188
2692
1036
1846
1732
421
1813
75
2341
3364
2727
987
696
1665
619
71
1425
697
343
371
2256
3600
1219
152
62
2990
1534
3069
137
604
3953
325
3649
1341
2524
1381
1763
689
1456
104
53
535
1443
1102
2200
2414
1173
3978
3464
1868
349
1720
1821
1568
2224
1883
910
110
1305
1047
715
1258
1725
364
2600
601
2097
363
1290
3553
819
1695
88
2262
2797
2640
677
323
2618
141
2543
2967
2213
364
887
437
2600
1798
548
3905
3197
1615
1163
1274
2331
115
1875
780
830
3165
333
1649
1213
773
3912
362
3765
941
685
2736
1434
3581
2055
3647
3945
2943
436
2897
1093
1336
2802
642
3303
318
1917
1634
433
3792
2414
1616
3310
3099
3265
875
224
3529
1237
3990
822
2275
2726
2256
1856
1133
2255
1801
76
3044
1051
1521
380
3853
2164
3684
171
81
1670
957
225
437
2573
3887
3888
2190
762
113
2072
2352
455
2894
627
3533
1151
2483
666
3758
636
1095
2802
1687
2616
3183
1893
780
3219
2064
1213
889
3373
1439
1678
2298
1678
1567
841
2793
2032
2913
1145
2487
1807
1772
2020
3310
607
3038
3421
1243
133
2223
3283
2750
1406
1176
3530
977
3592
1096
2219
3318
2887
3897
1616
565
1464
2809
3710
3496
1722
855
2335
3882
2979
707
3544
3938
3746
2965
1534
3879
1189
817
2981
2947
2345
2864
3925
1937
3960
2144
1255
2847
2393
3224
3764
210
2033
3475
3706
108
682
2394
342
14
3101
3886
304
3199
3204
1838
3431
745
2655
2412
44
1000
1628
321
3290
1588
2817
545
787
1211
121
904
1421
2507
731
1479
2615
1765
3873
2957
1779
2975
3195
2084
2174
2751
274
1605
3496
3282
370
3893
634
1998
214
-1
3924
3939
3032
822
1078
243
943
1982
1664
3450
2713
3495
2417
831
3369
1726
2610
2696
1274
1046
1222
25
1673
3180
3874
955
3550
3767
1589
1900
333
1514
1839
3365
2336
3270
3960
3631
1252
1976
3082
318
1472
1499
1149
841
3578
111
3889
852
1510
1111
877
3183
291
1103
138
193
1222
1727
2446
1556
3593
285
1273
2281
3555
1234
1913
1160
3210
1347
1830
682
3198
3331
1875
2776
3442
1764
3628
1304
3228
858
487
3871
2313
977
417
3536
3057
2863
1444
2650
3500
2717
1284
3408
3951
3197
568
3162
544
2750
196
94
2081
2424
2871
1875
540
2851
3180
3768
3709
19
3992
2023
1349
409
1911
406
3272
3355
3408
3124
2424
692
2532
2376
241
3452
1890
1137
2202
2438
1232
635
862
103
2511
1403
2954
1691
1523
3016
2062
1515
1391
3411
1924
3654
3817
1548
3361
3578
673
1785
622
3557
161
864
3010
2403
2001
1564
842
3233
2200
1704
3688
711
3107
2995
2754
983
2363
816
2498
3754
580
775
3760
749
2675
3121
327
3700
906
950
3258
1068
2166
2620
3823
519
536
665
3753
2736
2370
3793
3799
1829
2788
2905
2812
1503
74
1663
1257
654
2438
1369
1403
1465
490
2083
1166
1397
3385
424
2465
1551
3396
2640
2070
3932
3306
2175
3021
2028
2321
2820
209
1461
1726
3374
2965
2152
1037
574
2806
3827
1944
561
1292
2434
2644
2458
3831
2029
3234
2648
3932
2630
1289
2355
2915
595
530
1936
2975
2851
756
3184
313
2834
2558
3630
986
3595
204
144
3774
2148
706
1067
583
3350
3877
414
1732
3112
3415
2016
2094
704
371
1009
1651
1254
2945
626
457
54
3810
1122
3240
2369
752
579
2316
957
723
2443
3105
1429
3510
40
1132
3739
807
3216
2851
222
1232
1298
1278
1604
2659
2929
2858
1957
3907
3315
2011
3717
438
1603
2438
1542
2182
1107
2499
3258
3550
1957
687
3412
1997
2171
3151
3156
1387
2355
3378
2620
5
1008
576
2664
289
3786
621
196
3101
2984
3914
3891
588
2704
1434
3122
163
285
2380
65
2242
3420
3477
592
1943
2981
3748
3331
1688
3479
2303
1693
487
2879
709
1129
3017
1683
1325
2118
667
1591
2362
1607
648
148
730
811
785
3462
877
3028
2882
706
3972
826
3687
3720
509
1727
3551
3164
3420
391
2395
482
1520
1412
2165
2845
3882
2832
789
2596
792
1437
2744
1522
2248
3530
1336
3125
2910
571
184
2882
1749
3871
2954
2258
1599
2506
1774
1371
3249
169
1853
769
1581
18
3966
1463
3203
755
60
3995
2192
3156
1869
793
3038
3205
270
1948
3776
454
1182
1525
678
137
135
2277
2995
1909
0
2244
2078
1854
3365
11
2224
3683
1827
1427
791
1887
1422
3335
1395
3291
128
434
2849
751
2382
2977
1205
3917
503
1883
54
990
512
3401
2900
513
1997
1330
2719
1714
1694
943
1397
3521
2723
2540
1408
497
1876
2803
141
2356
3589
2990
3107
2324
1967
313
2241
2822
2548
2647
3813
3413
2048
3065
3926
397
747
2997
2111
2441
3940
3860
1962
3015
2401
3722
3513
629
2878
3654
2985
2467
2996
2445
791
963
3110
3032
3786
1658
1679
3951
1071
79
3368
-1
1349
828
115
346
2939
2557
639
3152
871
3654
1905
594
3519
2534
3472
3173
1519
1939
2169
3964
3083
3485
3074
2115
3623
1085
147
3926
2508
578
3294
3858
1407
3409
556
698
1966
1195
3850
2838
1202
1755
3784
721
289
3256
247
2161
1547
2416
2477
630
2253
1904
3098
1876
2989
3245
1802
1849
175
1096
1707
1582
858
2264
2633
2824
3811
2483
2014
1013
591
2150
1735
1232
1406
1982
3745
3306
750
2223
3936
3004
479
3034
1232
3820
2631
3387
1669
3159
835
3729
1093
1693
1993
3726
870
2156
2562
3236
3170
3153
1387
1257
737
3145
3591
483
2451
341
3058
2388
3697
3537
1774
1282
3357
758
669
1378
3917
1504
1107
1010
3550
3452
737
420
1609
3299
3656
779
2804
1395
2388
3541
541
1979
376
2992
2320
3434
1732
2370
3323
3507
3652
3032
265
673
411
182
2529
1870
1544
2079
1323
2281
2851
2932
1932
2860
63
1088
255
2451
982
796
430
1358
141
3102
1145
1873
1824
468
1380
1476
3853
1997
2149
264
2531
679
2134
76
3110
3809
2709
1962
3093
642
822
3156
2082
1077
1959
3064
2226
2741
775
2367
2196
1920
592
20
2740
2325
1849
2593
322
3998
2857
3206
1029
1344
3282
140
1505
2343
2454
599
3337
3276
107
1420
705
2067
484
2931
1160
1259
1650
3356
3531
2243
3729
2272
920
1578
865
1594
1928
75
800
2958
1771
434
3450
3276
2778
1904
3875
2115
1180
3983
3887
2237
2402
724
1169
3562
2335
3171
3271
1867
1766
3000
491
2686
578
1356
281
2858
1783
1433
1816
3554
1868
1618
2831
998
3522
3058
3465
1054
3393
3353
3292
1795
429
813
1358
2764
336
981
983
2103
3981
1474
1141
911
3183
1422
3769
966
3208
1938
873
1076
3556
56
2426
3431
3466
1891
837
2860
1596
129
655
2025
1294
2365
1142
1631
3346
2477
3734
3679
304
1227
942
3487
3002
1064
805
2210
3002
2030
3638
2910
2086
2064
2341
1553
307
3179
413
2256
3660
1420
633
955
138
1775
2586
3484
605
2672
3516
909
251
458
748
3253
1522
1553
1463
876
3936
1101
3787
2374
3517
2480
3927
3825
1659
692
2081
1320
2465
2714
2627
2603
842
1565
2439
1447
589
2307
2708
840
2766
3456
94
640
1361
1557
1869
1297
3011
1656
3672
2880
136
3951
2705
2148
996
1138
3820
3813
205
2447
2416
1399
12
1207
3198
953
3515
1906
1793
2633
1362
1887
3625
3075
3797
1494
373
3160
3502
397
2040
3639
700
1098
2139
2048
2588
1959
1861
2793
758
629
544
770
1837
3742
2075
1352
2000
3868
3985
3714
2108
3610
2790
1905
1105
3515
1065
607
3912
3457
598
964
555
3089
3013
3144
1048
874
2289
1806
1504
3186
2928
3693
2928
1003
1045
1281
1224
1030
995
3332
992
3785
1237
2449
3300
2654
3409
3564
2111
359
881
3019
3449
3894
2515
849
1120
1156
3008
2976
342
1936
2669
3623
3292
66
904
516
1448
1899
200
2441
2037
1789
890
1337
443
651
1254
2906
1011
2135
2277
460
2381
792
1309
3853
1949
669
3182
2291
2958
1851
1914
2250
2270
3170
3118
3718
1070
3670
2511
3107
1459
3402
796
1902
405
2402
1160
1416
889
3438
1876
3622
230
3538
3476
2531
207
2658
1175
3165
861
3441
1767
3483
2612
1237
3202
34
907
1713
3141
2366
1467
289
620
1873
3044
1781
3289
3933
1571
1518
3556
2153
1408
3384
685
1967
2394
1860
1485
3607
1301
3252
3091
265
842
2645
299
2101
358
3792
468
2178
82
1440
403
3126
3573
3692
3411
1144
1562
3319
3298
3322
2703
335
1290
1449
2547
2775
1057
3848
2379
500
114
3573
3145
765
1675
3855
558
2143
2033
640
3935
2436
118
3509
2481
3529
653
395
3201
303
3718
1904
638
1360
3706
3185
135
763
3386
2866
1615
3852
2440
760
617
115
615
1175
2610
3001
2167
2545
1789
2285
2054
270
2167
3060
1018
1368
3363
736
3624
354
2096
3330
3891
2583
445
3277
1449
2060
3481
241
3172
99
356
3788
1626
3318
3141
146
1864
930
2783
270
1553
950
3330
2571
2670
3046
3659
2647
3400
2107
2329
3291
1042
2775
2921
2843
1187
2402
3085
360
2853
3793
500
832
3112
3641
978
976
923
3761
1598
2476
1064
929
1399
86
327
1058
2733
3727
3517
1063
3370
559
190
2643
3403
1729
1046
2840
2089
251
2633
2941
1083
1745
2582
2061
3073
3506
2175
672
2334
3239
1953
3734
3677
2280
792
2411
2359
662
3826
2081
1221
368
725
976
2097
1771
3816
539
2374
2802
3480
3458
899
2415
1871
3973
1921
398
997
255
3989
3302
341
3667
1934
1134
2078
293
2148
2256
2374
3721
2624
3099
698
1073
1222
866
1612
3949
3668
1445
3759
568
3860
1982
893
2133
2381
2242
2740
2370
1544
3082
2037
3478
568
467
123
2716
2723
2849
-1
2437
1699
2301
3487
2773
3875
354
737
3824
374
2182
3583
1294
2042
1566
2539
527
3947
781
3268
2669
2677
-1
2350
707
2507
3270
1174
2630
1986
250
1832
775
1949
133
263
1074
8
